8.120449909108406247e-04 4.381239735067460339e-03 -1.605998470118537302e-02 1.591839691158874837e-10 -5.894280134052144970e-19 1.521451717565672906e-02 6.142170995493346141e-04 -2.370736587806700213e-02 3.429878539121011816e-02 1.849290651648068107e-02 1.588275753762156310e-03 -6.378112225248466545e-10 7.608425595008232178e-03 9.800534449177024142e-11 -2.151657477009815550e-02 -2.635231428573709539e-02 -2.937508897691906468e-11 -2.523006793846364545e-02
-1.212629885912614065e-02 -1.086019797225289303e-02 -3.575858396013045174e-03 -2.419647047990550098e-10 6.391238113652727174e-11 1.521451484040526290e-02 -1.893658262626286490e-02 1.706179919263743627e-02 -1.248756902470650638e-02 1.103057145391302118e-02 -3.400031442785596270e-02 -6.378112552244767589e-10 -7.608425595008204423e-03 -9.800534061998921820e-11 -2.151657477009817979e-02 -2.635231428573715090e-02 2.937507267854042298e-11 2.523006793846360035e-02
1.140487817548258530e-02 -1.185911572053525119e-02 -2.658555136735078067e-03 -4.088302430830560581e-10 7.557046653922925138e-13 -7.110699228544548772e-10 -2.768439473203894181e-03 -4.323972705896800273e-02 -2.785370698372931220e-02 -2.750686767973538512e-03 -1.081870367351204544e-02 7.174899640881095678e-18 -1.386004604219437437e-10 1.075993753147304506e-02 8.949692817386390086e-18 5.626342139069423518e-19 3.568070459992806615e-02 -4.154264502676564009e-11
8.120449909108614413e-04 4.381239735067509779e-03 -1.605998470118539037e-02 -2.860548727605168781e-11 -4.029185786015570543e-11 1.521451538788061268e-02 -6.481831449530017775e-03 -6.971270788112375605e-04 2.903412278012499920e-03 -4.432292372752000276e-02 8.239047810031478736e-03 -3.726779962499641302e-02 2.807227866316167400e-02 3.616034884181855734e-10 -2.151657477009813121e-02 2.635231518773842666e-02 4.190276679351612513e-11 3.599000660323088685e-02
-1.212629885912611463e-02 -1.086019797225287395e-02 -3.575858396013038235e-03 -1.052114222082368235e-10 3.324907381715323465e-10 -1.521451413298647616e-02 -2.480419763743160408e-02 -7.342694430600760214e-03 2.471463120478060646e-02 -1.479944545668722584e-02 -2.417299069964807742e-02 -3.726779962499646853e-02 -2.807227866316159073e-02 -3.616035064878032109e-10 2.151657477009814509e-02 2.635231518773848564e-02 -4.190275467828134150e-11 -3.599000660323083828e-02
1.140487817548258009e-02 -1.185911572053525119e-02 -2.658555136735084572e-03 2.386677682327191153e-10 1.223981323442392959e-10 2.981487891293856702e-10 -4.187934851638361322e-02 -7.473556659355430403e-04 -7.096479565114069410e-03 1.109077740978368920e-02 2.915431588011425240e-02 1.443346171069169056e-17 7.885854625171977719e-10 -6.122007389171942732e-02 -3.213258663843032160e-17 4.139132880729949470e-18 -2.046385501263162446e-02 2.382583374446153851e-11
8.120449909108651276e-04 4.381239735067485493e-03 -1.605998470118540078e-02 -1.591839683705536011e-10 8.911868056884267371e-19 -1.521451717565673427e-02 -6.142170995493381920e-04 2.370736587806699866e-02 -3.429878539121011816e-02 -1.849290651648066719e-02 -1.588275753762157178e-03 -6.378112421617936573e-10 7.608425595008197484e-03 9.800533024494591043e-11 2.151657477009815897e-02 -2.635231428573718213e-02 -2.937507227080567656e-11 -2.523006793846364545e-02
-1.212629885912614412e-02 -1.086019797225288956e-02 -3.575858396013051246e-03 2.419647003251339472e-10 -6.391237883743334014e-11 -1.521451484040526984e-02 1.893658262626287184e-02 -1.706179919263745362e-02 1.248756902470651506e-02 -1.103057145391302118e-02 3.400031442785593494e-02 -6.378112473543865551e-10 -7.608425595008270342e-03 -9.800534126983494777e-11 2.151657477009814509e-02 -2.635231428573718213e-02 2.937507893109804157e-11 2.523006793846361770e-02
1.140487817548261132e-02 -1.185911572053528935e-02 -2.658555136735094981e-03 4.088302411559893083e-10 -7.557019118175881059e-13 7.110699364925307065e-10 2.768439473203879436e-03 4.323972705896798885e-02 2.785370698372930179e-02 2.750686767973537644e-03 1.081870367351204371e-02 -1.288354047732839519e-17 -1.386004814694043227e-10 1.075993753147305720e-02 -8.638885549210984140e-18 -5.132137219156070684e-18 3.568070459992812860e-02 -4.154263804457386529e-11
8.120449909108586224e-04 4.381239735067462941e-03 -1.605998470118540425e-02 2.860548853102404406e-11 4.029188557288686146e-11 -1.521451538788057799e-02 6.481831449529996091e-03 6.971270788112167438e-04 -2.903412278012476935e-03 4.432292372751997500e-02 -8.239047810031461389e-03 -3.726779962499643384e-02 2.807227866316163237e-02 3.616034470928515439e-10 2.151657477009822489e-02 2.635231518773845094e-02 4.190276082895460060e-11 3.599000660323088685e-02
-1.212629885912614586e-02 -1.086019797225291038e-02 -3.575858396013053414e-03 1.052114281328400379e-10 -3.324907207796027952e-10 1.521451413298648657e-02 2.480419763743163530e-02 7.342694430600741132e-03 -2.471463120478062381e-02 1.479944545668720676e-02 2.417299069964804967e-02 -3.726779962499647547e-02 -2.807227866316152828e-02 -3.616034766325851719e-10 -2.151657477009818326e-02 2.635231518773847870e-02 -4.190275967784759802e-11 -3.599000660323083828e-02
1.140487817548263387e-02 -1.185911572053527721e-02 -2.658555136735087608e-03 -2.386677584155555579e-10 -1.223981352828742641e-10 -2.981487536557396725e-10 4.187934851638359934e-02 7.473556659355443414e-04 7.096479565114074614e-03 -1.109077740978373951e-02 -2.915431588011423505e-02 2.935995679727150068e-17 7.885855256643530906e-10 -6.122007389171944119e-02 -1.271480201874782649e-17 3.778832292448780494e-18 -2.046385501263163487e-02 2.382583299472421800e-11
8.120449909108273974e-04 4.381239735067464676e-03 -1.605998470118540425e-02 -2.728361172839533378e-03 -5.263396164234273450e-02 -2.674076275793632116e-10 -2.727844789589280733e-10 -1.721291778110999833e-11 1.367244689145082038e-10 -1.360935092301506026e-11 -1.105232477864694230e-10 3.726780090061888179e-02 -4.328912985317807938e-02 -5.576141412473993622e-10 -4.075780114640545190e-17 2.635231338373585086e-02 1.684740298165805388e-11 1.447012927369644049e-02
-1.212629885912615106e-02 -1.086019797225289824e-02 -3.575858396013059919e-03 -5.263396164234272062e-02 2.728361172839533378e-03 8.506777017945280011e-12 -1.224144753823214885e-11 1.982863014707728867e-10 2.872433575503068995e-10 1.312540231712525866e-10 4.269116785035076580e-10 3.726780090061895812e-02 4.328912985317805162e-02 5.576141645869734636e-10 6.736647203545593993e-17 2.635231338373585780e-02 -1.684739525816200029e-11 -1.447012927369638498e-02
1.140487817548261999e-02 -1.185911572053524772e-02 -2.658555136735092379e-03 4.366228664296290253e-12 2.184042279560579956e-10 -4.303314954019629018e-02 -4.675305982351311907e-10 -4.711876817434453801e-10 1.810380475181049626e-09 2.124425291179277259e-10 1.162584287479823000e-10 -4.530228898485571686e-17 -5.113845195138645267e-10 3.970019882877335454e-02 -3.042903076846454821e-02 1.651609164161950347e-17 -5.089755418722457375e-02 5.925944085187553133e-11
8.120449909108537435e-04 4.381239735067473350e-03 -1.605998470118540078e-02 2.728361172839535980e-03 5.263396164234270674e-02 2.674076191816049308e-10 2.727845044206843391e-10 1.721291565714868149e-11 -1.367244725086075001e-10 1.360936471137276444e-11 1.105232247762508922e-10 3.726780090061888873e-02 -4.328912985317807938e-02 -5.576141427868751264e-10 -4.630885161341942262e-17 2.635231338373584739e-02 1.684739889867918932e-11 1.447012927369643702e-02
-1.212629885912614933e-02 -1.086019797225288783e-02 -3.575858396013053848e-03 5.263396164234271368e-02 -2.728361172839535546e-03 -8.506809432101367218e-12 1.224140538299739602e-11 -1.982862603458306501e-10 -2.872433671418772625e-10 -1.312540580508361058e-10 -4.269116456101612117e-10 3.726780090061895118e-02 4.328912985317803774e-02 5.576141722255567002e-10 5.197507016593159984e-17 2.635231338373585433e-02 -1.684739241208073610e-11 -1.447012927369637977e-02
1.140487817548259571e-02 -1.185911572053523384e-02 -2.658555136735076766e-03 -4.366225214920610907e-12 -2.184042311412335509e-10 4.303314954019626937e-02 4.675305760205624270e-10 4.711876911958113273e-10 -1.810380477298911168e-09 -2.124425332710132170e-10 -1.162584186374979641e-10 2.029019537895467280e-17 -5.113845972759529648e-10 3.970019882877334760e-02 3.042903076846460025e-02 -4.717540803240335231e-18 -5.089755418722455987e-02 5.925944541039310481e-11
