1.872232746335891724e+10 0.000000000000000000e+00 0.000000000000000000e+00 -5.182072829131652832e+09 0.000000000000000000e+00 0.000000000000000000e+00 5.182072651756856918e+09 -3.176109153338755131e+09 0.000000000000000000e+00 -8.358181982470407486e+09 3.176109153338755131e+09 0.000000000000000000e+00 -5.182072651756856918e+09 0.000000000000000000e+00 2.245848281678440571e+09 -5.182072651756856918e+09 0.000000000000000000e+00 -2.245848281678440571e+09
0.000000000000000000e+00 1.872232746335891724e+10 0.000000000000000000e+00 3.176109153338755131e+09 -8.358181982470407486e+09 0.000000000000000000e+00 -3.176109153338755131e+09 5.182072651756856918e+09 0.000000000000000000e+00 0.000000000000000000e+00 -5.182072829131652832e+09 0.000000000000000000e+00 0.000000000000000000e+00 -5.182072651756856918e+09 2.245848281678440571e+09 0.000000000000000000e+00 -5.182072651756856918e+09 -2.245848281678440571e+09
0.000000000000000000e+00 0.000000000000000000e+00 1.872232735464533234e+10 0.000000000000000000e+00 0.000000000000000000e+00 -5.182072829131652832e+09 0.000000000000000000e+00 0.000000000000000000e+00 8.358181696382027626e+09 0.000000000000000000e+00 0.000000000000000000e+00 -5.182072829131652832e+09 0.000000000000000000e+00 0.000000000000000000e+00 -8.358181696382027626e+09 0.000000000000000000e+00 0.000000000000000000e+00 -8.358181696382027626e+09
-5.182072829131652832e+09 3.176109153338755131e+09 0.000000000000000000e+00 1.354025481160206223e+10 -3.176109153338755131e+09 0.000000000000000000e+00 -8.358181982470407486e+09 0.000000000000000000e+00 0.000000000000000000e+00 0.000000000000000000e+00 0.000000000000000000e+00 0.000000000000000000e+00 0.000000000000000000e+00 0.000000000000000000e+00 2.245848281678440571e+09 0.000000000000000000e+00 0.000000000000000000e+00 -2.245848281678440571e+09
0.000000000000000000e+00 -8.358181982470407486e+09 0.000000000000000000e+00 -3.176109153338755131e+09 1.354025481160206223e+10 0.000000000000000000e+00 3.176109153338755131e+09 -5.182072829131652832e+09 0.000000000000000000e+00 0.000000000000000000e+00 0.000000000000000000e+00 0.000000000000000000e+00 0.000000000000000000e+00 0.000000000000000000e+00 -2.245848281678440571e+09 0.000000000000000000e+00 0.000000000000000000e+00 2.245848281678440571e+09
0.000000000000000000e+00 0.000000000000000000e+00 -5.182072829131652832e+09 0.000000000000000000e+00 0.000000000000000000e+00 1.036414565826330566e+10 0.000000000000000000e+00 0.000000000000000000e+00 -5.182072829131652832e+09 0.000000000000000000e+00 0.000000000000000000e+00 0.000000000000000000e+00 0.000000000000000000e+00 0.000000000000000000e+00 0.000000000000000000e+00 0.000000000000000000e+00 0.000000000000000000e+00 0.000000000000000000e+00
5.182072651756856918e+09 -3.176109153338755131e+09 0.000000000000000000e+00 -8.358181982470407486e+09 3.176109153338755131e+09 0.000000000000000000e+00 1.872232746335891724e+10 0.000000000000000000e+00 0.000000000000000000e+00 -5.182072829131652832e+09 0.000000000000000000e+00 0.000000000000000000e+00 -5.182072651756856918e+09 0.000000000000000000e+00 -2.245848281678440571e+09 -5.182072651756856918e+09 0.000000000000000000e+00 2.245848281678440571e+09
-3.176109153338755131e+09 5.182072651756856918e+09 0.000000000000000000e+00 0.000000000000000000e+00 -5.182072829131652832e+09 0.000000000000000000e+00 0.000000000000000000e+00 1.872232746335891724e+10 0.000000000000000000e+00 3.176109153338755131e+09 -8.358181982470407486e+09 0.000000000000000000e+00 0.000000000000000000e+00 -5.182072651756856918e+09 -2.245848281678440571e+09 0.000000000000000000e+00 -5.182072651756856918e+09 2.245848281678440571e+09
0.000000000000000000e+00 0.000000000000000000e+00 8.358181696382027626e+09 0.000000000000000000e+00 0.000000000000000000e+00 -5.182072829131652832e+09 0.000000000000000000e+00 0.000000000000000000e+00 1.872232735464533234e+10 0.000000000000000000e+00 0.000000000000000000e+00 -5.182072829131652832e+09 0.000000000000000000e+00 0.000000000000000000e+00 -8.358181696382027626e+09 0.000000000000000000e+00 0.000000000000000000e+00 -8.358181696382027626e+09
-8.358181982470407486e+09 0.000000000000000000e+00 0.000000000000000000e+00 0.000000000000000000e+00 0.000000000000000000e+00 0.000000000000000000e+00 -5.182072829131652832e+09 3.176109153338755131e+09 0.000000000000000000e+00 1.354025481160206223e+10 -3.176109153338755131e+09 0.000000000000000000e+00 0.000000000000000000e+00 0.000000000000000000e+00 -2.245848281678440571e+09 0.000000000000000000e+00 0.000000000000000000e+00 2.245848281678440571e+09
3.176109153338755131e+09 -5.182072829131652832e+09 0.000000000000000000e+00 0.000000000000000000e+00 0.000000000000000000e+00 0.000000000000000000e+00 0.000000000000000000e+00 -8.358181982470407486e+09 0.000000000000000000e+00 -3.176109153338755131e+09 1.354025481160206223e+10 0.000000000000000000e+00 0.000000000000000000e+00 0.000000000000000000e+00 2.245848281678440571e+09 0.000000000000000000e+00 0.000000000000000000e+00 -2.245848281678440571e+09
0.000000000000000000e+00 0.000000000000000000e+00 -5.182072829131652832e+09 0.000000000000000000e+00 0.000000000000000000e+00 0.000000000000000000e+00 0.000000000000000000e+00 0.000000000000000000e+00 -5.182072829131652832e+09 0.000000000000000000e+00 0.000000000000000000e+00 1.036414565826330566e+10 0.000000000000000000e+00 0.000000000000000000e+00 0.000000000000000000e+00 0.000000000000000000e+00 0.000000000000000000e+00 0.000000000000000000e+00
-5.182072651756856918e+09 0.000000000000000000e+00 0.000000000000000000e+00 0.000000000000000000e+00 0.000000000000000000e+00 0.000000000000000000e+00 -5.182072651756856918e+09 0.000000000000000000e+00 0.000000000000000000e+00 0.000000000000000000e+00 0.000000000000000000e+00 0.000000000000000000e+00 1.036414530351371384e+10 0.000000000000000000e+00 0.000000000000000000e+00 0.000000000000000000e+00 0.000000000000000000e+00 0.000000000000000000e+00
0.000000000000000000e+00 -5.182072651756856918e+09 0.000000000000000000e+00 0.000000000000000000e+00 0.000000000000000000e+00 0.000000000000000000e+00 0.000000000000000000e+00 -5.182072651756856918e+09 0.000000000000000000e+00 0.000000000000000000e+00 0.000000000000000000e+00 0.000000000000000000e+00 0.000000000000000000e+00 1.036414530351371384e+10 0.000000000000000000e+00 0.000000000000000000e+00 0.000000000000000000e+00 0.000000000000000000e+00
2.245848281678440571e+09 2.245848281678440571e+09 -8.358181696382027626e+09 2.245848281678440571e+09 -2.245848281678440571e+09 0.000000000000000000e+00 -2.245848281678440571e+09 -2.245848281678440571e+09 -8.358181696382027626e+09 -2.245848281678440571e+09 2.245848281678440571e+09 0.000000000000000000e+00 0.000000000000000000e+00 0.000000000000000000e+00 1.671636339276405525e+10 0.000000000000000000e+00 0.000000000000000000e+00 0.000000000000000000e+00
-5.182072651756856918e+09 0.000000000000000000e+00 0.000000000000000000e+00 0.000000000000000000e+00 0.000000000000000000e+00 0.000000000000000000e+00 -5.182072651756856918e+09 0.000000000000000000e+00 0.000000000000000000e+00 0.000000000000000000e+00 0.000000000000000000e+00 0.000000000000000000e+00 0.000000000000000000e+00 0.000000000000000000e+00 0.000000000000000000e+00 1.036414530351371384e+10 0.000000000000000000e+00 0.000000000000000000e+00
0.000000000000000000e+00 -5.182072651756856918e+09 0.000000000000000000e+00 0.000000000000000000e+00 0.000000000000000000e+00 0.000000000000000000e+00 0.000000000000000000e+00 -5.182072651756856918e+09 0.000000000000000000e+00 0.000000000000000000e+00 0.000000000000000000e+00 0.000000000000000000e+00 0.000000000000000000e+00 0.000000000000000000e+00 0.000000000000000000e+00 0.000000000000000000e+00 1.036414530351371384e+10 0.000000000000000000e+00
-2.245848281678440571e+09 -2.245848281678440571e+09 -8.358181696382027626e+09 -2.245848281678440571e+09 2.245848281678440571e+09 0.000000000000000000e+00 2.245848281678440571e+09 2.245848281678440571e+09 -8.358181696382027626e+09 2.245848281678440571e+09 -2.245848281678440571e+09 0.000000000000000000e+00 0.000000000000000000e+00 0.000000000000000000e+00 0.000000000000000000e+00 0.000000000000000000e+00 0.000000000000000000e+00 1.671636339276405525e+10
